BeamEnergy(MeV)  Angle(deg)  XS(mb/sr)
1418.9000  5.0000  1.1423e+01
1418.9000  5.1000  1.0204e+01
1418.9000  5.2000  9.1237e+00
1418.9000  5.3000  8.1640e+00
1418.9000  5.4000  7.3107e+00
1418.9000  5.5000  6.5511e+00
1418.9000  5.6000  5.8741e+00
1418.9000  5.7000  5.2702e+00
1418.9000  5.8000  4.7310e+00
1418.9000  5.9000  4.2489e+00
1418.9000  6.0000  3.8177e+00
1418.9000  6.1000  3.4316e+00
1418.9000  6.2000  3.0857e+00
1418.9000  6.3000  2.7755e+00
1418.9000  6.4000  2.4972e+00
1418.9000  6.5000  2.2473e+00
1418.9000  6.6000  2.0229e+00
1418.9000  6.7000  1.8212e+00
1418.9000  6.8000  1.6398e+00
1418.9000  6.9000  1.4766e+00
1418.9000  7.0000  1.3297e+00
1418.9000  7.1000  1.1975e+00
1418.9000  7.2000  1.0785e+00
1418.9000  7.3000  9.7125e-01
1418.9000  7.4000  8.7463e-01
1418.9000  7.5000  7.8755e-01
1418.9000  7.6000  7.0906e-01
1418.9000  7.7000  6.3831e-01
1418.9000  7.8000  5.7451e-01
1418.9000  7.9000  5.1699e-01
1418.9000  8.0000  4.6512e-01
1418.9000  8.1000  4.1835e-01
1418.9000  8.2000  3.7618e-01
1418.9000  8.3000  3.3816e-01
1418.9000  8.4000  3.0387e-01
1418.9000  8.5000  2.7296e-01
1418.9000  8.6000  2.4510e-01
1418.9000  8.7000  2.1999e-01
1418.9000  8.8000  1.9737e-01
1418.9000  8.9000  1.7698e-01
1418.9000  9.0000  1.5862e-01
1418.9000  9.1000  1.4209e-01
1418.9000  9.2000  1.2721e-01
1418.9000  9.3000  1.1381e-01
1418.9000  9.4000  1.0177e-01
1418.9000  9.5000  9.0934e-02
1418.9000  9.6000  8.1197e-02
1418.9000  9.7000  7.2449e-02
1418.9000  9.8000  6.4593e-02
1418.9000  9.9000  5.7541e-02
1418.9000  10.0000  5.1216e-02
1418.9000  10.1000  4.5544e-02
1418.9000  10.2000  4.0462e-02
1418.9000  10.3000  3.5912e-02
1418.9000  10.4000  3.1840e-02
1418.9000  10.5000  2.8199e-02
1418.9000  10.6000  2.4946e-02
1418.9000  10.7000  2.2041e-02
1418.9000  10.8000  1.9450e-02
1418.9000  10.9000  1.7140e-02
1418.9000  11.0000  1.5084e-02
1418.9000  11.1000  1.3254e-02
1418.9000  11.2000  1.1628e-02
1418.9000  11.3000  1.0185e-02
1418.9000  11.4000  8.9058e-03
1418.9000  11.5000  7.7727e-03
1418.9000  11.6000  6.7705e-03
1418.9000  11.7000  5.8854e-03
1418.9000  11.8000  5.1047e-03
1418.9000  11.9000  4.4173e-03
1418.9000  12.0000  3.8129e-03
1418.9000  12.1000  3.2824e-03
1418.9000  12.2000  2.8177e-03
1418.9000  12.3000  2.4115e-03
1418.9000  12.4000  2.0570e-03
1418.9000  12.5000  1.7485e-03
1418.9000  12.6000  1.4805e-03
1418.9000  12.7000  1.2485e-03
1418.9000  12.8000  1.0481e-03
1418.9000  12.9000  8.7558e-04
1418.9000  13.0000  7.2757e-04
1418.9000  13.1000  6.0105e-04
1418.9000  13.2000  4.9335e-04
1418.9000  13.3000  4.0210e-04
1418.9000  13.4000  3.2517e-04
1418.9000  13.5000  2.6070e-04
1418.9000  13.6000  2.0702e-04
1418.9000  13.7000  1.6267e-04
1418.9000  13.8000  1.2635e-04
1418.9000  13.9000  9.6923e-05
1418.9000  14.0000  7.3381e-05
1418.9000  14.1000  5.4844e-05
1418.9000  14.2000  4.0540e-05
1418.9000  14.3000  2.9796e-05
1418.9000  14.4000  2.2022e-05
1418.9000  14.5000  1.6709e-05
1418.9000  14.6000  1.3414e-05
1418.9000  14.7000  1.1755e-05
1418.9000  14.8000  1.1404e-05
1418.9000  14.9000  1.2078e-05
1418.9000  15.0000  1.3538e-05
1418.9000  15.1000  1.5581e-05
1418.9000  15.2000  1.8034e-05
1418.9000  15.3000  2.0755e-05
1418.9000  15.4000  2.3625e-05
1418.9000  15.5000  2.6546e-05
1418.9000  15.6000  2.9438e-05
1418.9000  15.7000  3.2237e-05
1418.9000  15.8000  3.4896e-05
1418.9000  15.9000  3.7374e-05
1418.9000  16.0000  3.9645e-05
1418.9000  16.1000  4.1689e-05
1418.9000  16.2000  4.3493e-05
1418.9000  16.3000  4.5051e-05
1418.9000  16.4000  4.6362e-05
1418.9000  16.5000  4.7428e-05
1418.9000  16.6000  4.8255e-05
1418.9000  16.7000  4.8852e-05
1418.9000  16.8000  4.9230e-05
1418.9000  16.9000  4.9399e-05
1418.9000  17.0000  4.9374e-05
1418.9000  17.1000  4.9168e-05
1418.9000  17.2000  4.8796e-05
1418.9000  17.3000  4.8271e-05
1418.9000  17.4000  4.7610e-05
1418.9000  17.5000  4.6824e-05
1418.9000  17.6000  4.5930e-05
1418.9000  17.7000  4.4939e-05
1418.9000  17.8000  4.3865e-05
1418.9000  17.9000  4.2720e-05
1418.9000  18.0000  4.1515e-05
1418.9000  18.1000  4.0262e-05
1418.9000  18.2000  3.8970e-05
1418.9000  18.3000  3.7649e-05
1418.9000  18.4000  3.6308e-05
1418.9000  18.5000  3.4954e-05
1418.9000  18.6000  3.3595e-05
1418.9000  18.7000  3.2237e-05
1418.9000  18.8000  3.0887e-05
1418.9000  18.9000  2.9549e-05
1418.9000  19.0000  2.8229e-05
1418.9000  19.1000  2.6930e-05
1418.9000  19.2000  2.5655e-05
1418.9000  19.3000  2.4410e-05
1418.9000  19.4000  2.3195e-05
1418.9000  19.5000  2.2013e-05
1418.9000  19.6000  2.0865e-05
1418.9000  19.7000  1.9755e-05
1418.9000  19.8000  1.8681e-05
1418.9000  19.9000  1.7646e-05
1418.9000  20.0000  1.6650e-05
1418.9000  20.1000  1.5693e-05
1418.9000  20.2000  1.4775e-05
1418.9000  20.3000  1.3897e-05
1418.9000  20.4000  1.3057e-05
1418.9000  20.5000  1.2255e-05
1418.9000  20.6000  1.1491e-05
1418.9000  20.7000  1.0764e-05
1418.9000  20.8000  1.0073e-05
1418.9000  20.9000  9.4177e-06
1418.9000  21.0000  8.7965e-06
1418.9000  21.1000  8.2085e-06
1418.9000  21.2000  7.6527e-06
1418.9000  21.3000  7.1280e-06
1418.9000  21.4000  6.6332e-06
1418.9000  21.5000  6.1672e-06
1418.9000  21.6000  5.7287e-06
1418.9000  21.7000  5.3167e-06
1418.9000  21.8000  4.9299e-06
1418.9000  21.9000  4.5672e-06
1418.9000  22.0000  4.2275e-06
1418.9000  22.1000  3.9097e-06
1418.9000  22.2000  3.6126e-06
1418.9000  22.3000  3.3352e-06
1418.9000  22.4000  3.0765e-06
1418.9000  22.5000  2.8353e-06
1418.9000  22.6000  2.6109e-06
1418.9000  22.7000  2.4022e-06
1418.9000  22.8000  2.2082e-06
1418.9000  22.9000  2.0282e-06
1418.9000  23.0000  1.8613e-06
1418.9000  23.1000  1.7067e-06
1418.9000  23.2000  1.5636e-06
1418.9000  23.3000  1.4312e-06
1418.9000  23.4000  1.3090e-06
1418.9000  23.5000  1.1962e-06
1418.9000  23.6000  1.0922e-06
1418.9000  23.7000  9.9640e-07
1418.9000  23.8000  9.0824e-07
1418.9000  23.9000  8.2717e-07
1418.9000  24.0000  7.5271e-07
1418.9000  24.1000  6.8438e-07
1418.9000  24.2000  6.2172e-07
1418.9000  24.3000  5.6433e-07
1418.9000  24.4000  5.1181e-07
1418.9000  24.5000  4.6379e-07
1418.9000  24.6000  4.1992e-07
1418.9000  24.7000  3.7988e-07
1418.9000  24.8000  3.4338e-07
1418.9000  24.9000  3.1013e-07
1418.9000  25.0000  2.7986e-07